20030401.0602.0361 0 1 3 4 5 6 8 9 10 14 17 18 26 33 34 175 176 177 178 189 190 191 194 195 197 202 203 234 235 240 242 243 248 249 250 252 253 254 255 256 259 260 262 263 265 266 269 270 271 272 273 275 276 277 278 279 280 282 283 284 285 286 288 289 290 293 294 295 296 297 298 301 303 307 308 310 311 316 318 319 325 337 341 345 346 348 353 357 358 364 365 366 367 369 370 371 372 373 374 375 376 377 378 379 380 381 382 383 384 385 386 387 388 389 390 391 392 393 396 397 398 399 400 401 408 409 410 411 412 414 415 416 417 418 419 420 421 422 425 427 429 430 431 432 433 434 435 436 437 438 440 445 450 452 453 455 456 466 467 475 476 492 499 505 507 508 509 516 517 518 519 520 521 525 526 527 530 559 571 574 580 583 584 588 589 590 591 593 595 598 599 608 747 748 752 799 811 812 813 814 815 823 837 838 845 847 881 944 951 954 958 960 967 970 971 973 974 975 989 991 992 993 1000 1001 1023 1025 1035 1056 1133 1141 1145 1147 1163 1179 1214 1219 1229 1234 1236 1237 1239 1240 1241 1242 1244 1251 1252 1253 1254 1255 1261 1270 1271 1273 1274 1276 1312 1314 1316 1350 -1
20030401.0910.0498 2 24 87 244 315 355 359 360 361 362 363 394 395 428 448 462 463 468 481 482 483 510 511 512 513 514 515 522 523 524 531 532 533 534 535 536 537 538 539 540 541 542 543 544 545 546 547 548 549 550 551 552 553 554 555 556 557 558 560 561 562 563 564 565 566 567 568 569 570 572 573 575 592 759 850 -1
20030401.1456.0670 7 15 16 22 25 28 29 30 31 32 37 38 40 41 46 47 50 51 56 57 58 60 61 62 63 64 66 67 68 69 71 72 73 74 82 83 85 101 114 118 121 122 123 124 125 126 127 128 129 160 166 171 173 174 182 199 201 205 238 239 264 291 292 304 309 339 342 350 351 444 449 457 477 478 479 480 485 486 487 488 489 490 491 493 494 495 497 501 502 503 504 506 528 529 576 577 578 579 581 582 585 586 587 594 596 597 600 601 602 603 605 610 611 612 613 614 615 616 617 618 619 620 630 641 644 648 649 651 652 653 654 655 656 659 660 661 662 663 664 666 677 680 681 682 684 685 688 690 691 692 693 694 695 696 697 698 699 700 702 703 704 705 706 707 708 709 711 712 714 715 716 717 719 720 721 722 723 724 726 727 728 729 730 732 733 734 735 736 737 739 740 741 742 743 744 745 746 750 751 753 756 760 761 762 763 764 765 767 768 769 770 824 834 836 844 846 848 849 851 859 863 864 865 866 867 868 869 870 871 872 873 874 875 876 878 880 882 883 884 888 892 893 894 895 896 901 903 904 905 907 908 909 910 911 912 914 915 916 917 918 919 922 924 925 929 932 936 937 940 941 946 947 952 953 957 965 966 968 979 980 984 986 987 990 997 1024 1028 1034 1036 1037 1039 1040 1042 1043 1044 1046 1047 1048 1050 1051 1052 1053 1054 1057 1058 1059 1062 1079 1087 1088 1099 1102 1103 1105 1106 1107 1110 1112 1118 1129 1131 1135 1137 1139 1143 1144 1146 1150 1151 1153 1154 1156 1157 1160 1161 1168 1169 1172 1174 1175 1176 1177 1184 1185 1186 1187 1189 1190 1191 1192 1193 1203 1204 1205 1206 1243 1249 1256 1257 1262 1263 1264 1265 1275 1277 1278 1295 1309 1310 1311 1313 1315 1333 1345 1374 1376 1377 1379 1381 1382 1383 1384 1385 1386 1387 1388 1389 1390 1391 1392 1393 1394 1396 1397 1398 1399 1400 1401 1402 -1
20030402.0626.0422 11 12 20 21 23 27 -1
20030402.0900.0015 13 343 604 1111 1330 -1
20030403.0443.0291 19 -1
20030407.0914.0321 35 39 43 45 48 53 55 89 -1
20030407.0916.0499 36 -1
20030408.0314.0167 42 44 -1
20030408.1105.0626 49 52 54 59 70 76 96 103 104 108 119 120 130 131 132 133 134 135 136 137 138 139 140 141 142 143 144 145 146 147 148 149 150 151 152 154 155 157 161 162 179 188 299 300 305 1045 1329 -1
20030409.1700.0335 65 -1
20030410.0006.0033 75 77 79 80 81 84 86 88 91 92 94 95 105 106 107 111 115 116 117 170 172 368 -1
20030410.0447.0235 78 -1
20030411.0006.0045 90 314 317 323 324 326 328 329 330 331 332 333 334 335 336 338 340 344 347 423 424 426 458 459 469 470 471 472 473 474 484 -1
20030411.0550.0229 93 97 98 99 100 102 109 110 112 113 153 156 158 163 164 165 167 168 169 180 181 192 193 257 258 302 306 354 356 439 441 442 443 446 447 451 454 757 825 826 887 889 891 906 988 1134 1282 1292 -1
20030413.1553.0478 159 198 -1
20030418.1315.0346 183 184 185 186 187 196 200 204 268 313 665 1209 -1
20030421.0746.0242 206 207 208 209 210 211 212 213 214 215 216 217 218 219 220 221 222 223 224 225 226 227 228 229 230 231 232 233 236 237 241 245 246 247 251 261 267 281 287 -1
20030425.1300.0299 274 -1
20030501.0003.0016 312 -1
20030505.0635.0288 320 321 322 327 961 -1
20030508.0712.0324 349 352 -1
20030512.1220.0418 402 403 404 405 406 407 413 498 500 -1
20030516.1644.0572 460 464 -1
20030517.0001.0041 461 1221 -1
20030519.0001.0022 465 858 898 899 900 902 939 1089 1090 1164 1208 1308 1334 1335 1336 1337 1349 1352 1354 1355 1356 1357 1358 1361 1363 1364 1365 1366 1367 1368 1369 1371 1372 1373 1375 1378 1380 1395 -1
20030521.1700.0303 496 -1
20030603.1817.0730 606 607 609 -1
20030604.0724.0378 621 622 623 624 625 626 627 628 629 631 632 633 634 635 636 637 638 639 640 642 643 645 646 647 650 657 658 667 668 669 670 671 672 673 674 675 676 678 679 683 686 687 689 701 710 713 718 725 731 738 749 754 755 758 766 772 773 774 775 776 787 801 804 805 806 807 808 810 827 828 829 830 831 832 833 835 852 853 854 855 856 857 860 861 862 877 885 886 890 897 926 927 928 930 934 948 1030 1049 1065 1068 1069 1070 1071 1078 1117 1126 1127 1128 1130 1138 1148 1149 1170 1180 1181 1182 1183 1188 1194 1215 1220 1317 -1
20030612.0000.0001 771 822 1122 -1
20030612.1324.0619 777 778 779 780 781 782 783 784 785 786 788 789 790 791 792 793 794 795 796 797 802 803 809 816 817 818 819 820 821 -1
20030613.0000.0011 798 800 -1
20030618.0552.0175 839 840 841 842 843 879 913 -1
20030706.1623.0479 920 921 923 931 933 935 938 942 943 949 950 977 994 995 996 998 999 1002 1003 1004 1005 1006 1007 1008 1009 1010 1011 1012 1013 1014 1022 1029 1031 1032 1033 1038 1041 1055 1060 1061 1063 1064 1066 1067 1072 1073 1074 1075 1077 1080 1081 1082 1083 1084 1085 1086 1096 1097 1098 1100 1101 1104 1108 1109 1113 1114 1115 1116 1120 1121 1124 1125 1136 1140 1142 1152 1155 1158 1159 1162 1165 1166 1167 1171 1173 1178 1201 1210 1211 1212 1213 1216 1218 1223 1230 1231 1238 1246 1248 1258 1259 1260 1266 1267 1268 1269 1318 1319 1320 1321 1322 1323 1325 1327 1328 1331 1332 -1
20030711.1134.0535 945 -1
20030715.0811.0327 955 956 959 962 963 964 969 972 976 978 981 982 983 985 1015 1016 1017 1018 1019 1020 1021 1026 1027 -1
20030726.0000.0005 1076 1119 1123 1132 -1
20030729.0943.0390 1091 1092 1093 1094 1095 -1
20030814.0412.0141 1195 1196 1197 1198 1199 1200 1207 -1
20030814.1845.0728 1202 1222 1228 1250 -1
20030822.1700.0315 1217 1224 1225 1226 1227 1232 1233 1235 -1
20030828.1305.0537 1245 1247 1272 1279 1280 1281 1283 1284 1285 1286 1287 1288 1289 1290 1291 1293 1294 1296 1297 1298 1299 1300 1301 1302 1303 1304 1305 1306 1307 1324 1326 1338 1341 -1
20030925.1018.0374 1339 1340 1342 1343 1344 1346 1347 1348 1351 1353 1359 1360 1362 1370 -1
PFa:0.0465116
PMiss:0.349206
normCdet:0.577113
